0.000000
0.388229
0.750000
1.060660
1.299038
1.448889
1.500000
1.448889
1.299038
1.060660
0.750000
0.388229
0.000000
-0.388229
-0.750000
-1.060660
-1.299038
-1.448889
-1.500000
-1.448889
-1.299038
-1.060660
-0.750000
-0.388229
-0.000000
0.388229
0.750000
1.060660
1.299038
1.448889
1.500000
1.448889
1.299038
1.060660
0.750000
0.388229
0.000000
-0.388229
-0.750000
-1.060660
-1.299038
-1.448889
-1.500000
-1.448889
-1.299038
-1.060660
-0.750000
-0.388229
-0.000000
0.388229
0.750000
1.060660
1.299038
1.448889
1.500000
1.448889
1.299038
1.060660
0.750000
0.388229
0.000000
-0.388229
-0.750000
-1.060660
